[General]
capture_frames = 10
n_camera = 1
smoothing_filter = 1
sensor_id = "Camera0"

[Camera0_Factory]
fx = 625.8316650390625
fy = 625.4258422851562
cx = 330.9403381347656
cy = 230.5293579101562
p1 = 0.0011069574393332
p2 = -0.0004320625157561153
k1 = -0.1215101704001427
k2 = 0.2148220241069794
k3 = 0.03443123400211334
k4 = 0.1343368589878082
k5 = 0.1324003934860229
k6 = 0.1212157756090164

[Camera0]
camera_name = "camera0"
serial_no = "PD71A1DGD6260045P"
range1 = 0
range2 = -1
rgb_image = 1
